#.\count_paths.py
# GMT Sat May  7 01:58:32 2022
# 
35 97 68 180 166 143 141 191 172 31 93
97 188 49 146 155 71 9 167 139 89
84 148 55 176 17 118 57 70 195 167 13
148 71 182 191 47 33 91 198 34 141
41 177 2 129 83 17 91 86 81 94 169
177 33 63 25 47 140 102 46 147 60
13 106 65 21 16 76 85 52 141 153
106 95 123 69 113 83 7 178 105 40
76 107 125 9 39 193 48 2 109 190
107 65 27 95 42 64 34 78 174 145
65 199 1 71 66 196 79 27 57
55 54 126 129 52 3 47 193 9 51
47 80 186 163 149 82 59 63
80 164 7 75 144 102 111 88 73 193
74 183 186 68 140 3 101 157 170 133 29
183 165 88 144 166 123 192 77 118 129
53 160 118 94 89 40 135 110 78 166 165
160 198 122 136 155 158 167 185 134 110
125 143 101 90 12 110 91 86 192 149
128 163 56 7 87 151 79 136 58 159 195
163 104 1 164 7 10 130 24 191
22 154 181 162 73 50 188 147 71 164 186
154 151 137 196 45 89 21 157 92 38
25 178 103 190 45 157 31 14 137 63
178 66 69 119 67 146 43 172 44
68 121 29 5 62 11 75 172 131
121 127 131 104 187 77 7 29 194 114
21 46 36 58 146 141 150 6 158
46 116 50 39 179 147 122 67 85
3 159 51 190 45 44 105 127 38
159 173 132 83 7 62 92 185 30
48 72 127 113 81 89 187 172 124 199
72 26 173 120 110 96 14 198 161 28
117 181 167 99 33 194 23 147 137 164 127
181 69 129 17 135 119 56 34 171
56 174 36 104 12 61 37 153 143
174 57 29 101 54 142 66 0 129
29 54 99 150 134 88 11
37 170 14 16 96 86 144 111 194 184
170 165 155 60 79 120 161 142 77
14 168 153 87 176 118 62 196
168 194 9 156 31 102 105 196 138 101
140 155 9 173 18 152 19 38 0
155 129 62 45 179 6 126
129 82 116 50 15
6 75 135 116 4 194 81 99 0
75 20 118 90 197 192 32 52
58 104 90 71 153 93 124 16 64
104 23 190 193 137 146 113
27 111 8 152 30 123 98 34 191
2 50 189 193 173 15 88 186 190
73 92 195 175 161 179 119 23 79
92 185 30 180 179 147 112 59
59 194 32 96 8 182 141 93 87
194 109 123 175 67
50 49 158 144 120 17 137
39 99 62 32 189 49 156 0 11
99 4 15 145 193 119 137
31 95 94 182 42 130 17 100
95 18 175 5 137 49 11 144
165 184 157 98 101 115 118 42
184 179 130 187 169 191 66 164 132
12 91 100 127 11 83 199 153 180
91 149 111 138 64 78 142
94 142 169 123 89 186 130 176
142 124 119 136 185 131 112
100 152 156 19 8 0 176 139 69
51 82 146 145 113 45 182 157 19
82 149 134 189 198 124 133 26
60 149 167 157 175 156 132 81 182
149 189 63 161 186 141
20 122 187 28 15 10 180 189 54 16
122 26 9 67 108 111 54 38
103 138 83 10 132 150 70 79 139 157
138 32 145 126 192 63 88 64
64 119 132 24 162 1 4
119 83 89 196 134
167 77 61 199 15 45
169 146 193 188 93 161 77 102
158 172 115 61 45 70 133 196
172 33 195 126 188 171
127 110 10 43 182 162
195 180 164 175 86 33 162
17 62 192 0 30 118
62 96 161 164 57
33 42 18 171 152 113
136 162 66 42 175 179 54 182
162 131 112 30 151 78
28 71 38 98 93 70 152 156 16
71 112 26 10 67
93 191 110 114 86 175
191 134 10 78 49
116 147 98 133 141 131 173 144
9 19 42 189 134
15 110 4 24 130 102
110 101 173 86
86 161 18 90 66
161 171 90 7
189 188 150 180 45
54 0 70 153 112
69 90 24 19 61 137 114
90 176 67 147 8
40 63 166 24 11 85 4 26 190
63 98 115 96 61
32 199 24 192 66 52 139
199 171 123 115 42 182
188 144 115 49 151 36
153 187 118 175 193
187 89 157 111 171 57
42 113 126 16
111 83 186 43 115
18 151 105 132 67 83 5
151 43 57 120 193 4
83 38 23
96 196 130 185 156 164
176 8 36 143 144 89
192 67 43 87 0
102 141 101 197 173 124
141 43 5
30 134 123 67 34 150
134 152 124 156
143 112 126 38 52 4 193
166 81 145 109 77 1 132
23 113 34 52 98 45 16
24 87 133 146 144
113 26 131 36
87 185 171 26 196 70
132 0 131 77
36 61 173 175 44 156
61 182 126 101 156
88 108 145 131 85 7
108 133 109 81 5 8 19 38 66
66 34 133
78 152 109 85 139 185
152 98 77 85
70 157 81 19 190
157 49
7 190 185
173 34 135
123 5 98 150
146 179 124 130
179 79 44 112
124 8 11 133
81 180 197 130
180 186 109 197
147 131 16 196
118 139 85
109 135 114 79 196
135 44 150 85 1 43
186 5 114
5 171 16 98
98 44
79 112 139 133
112 171 164
198 130 114 44 131 77 137
105 114 85 8 49 120 190
139 1 150 145
171 144
185 126 120
16 38
133 156
4 85 43 11
44 120 1 89
38 52
49 11 197
26 57 19 1
131
130 43
101 115 197
196
85
150 34 52
175 45
164 126
89 19
126 137
19 57
114 11 52 182
115 190 10 67
156
197 34 57 8 145
1 120 77
182
34
52 10
8 145
120 0 10
10 145
67
43 57
193
77
137
57
145
11
144
0
190
45
