#./count_paths.py
# GMT Sat May  7 22:32:49 2022
# 
62 245 189 191 49 266 147 104 1 185 165 27
245 256 29 172 248 36 53 86 185 80 235
68 139 206 97 188 122 222 55 257 181 268 137
139 143 84 65 249 89 40 70 283 207 137
33 38 148 27 8 150 99 199 133 201 256 82
38 274 152 99 30 201 82 114 48 27 217
6 84 283 217 108 206 117 251 107 179 224 14
84 192 17 251 142 276 73 278 23 221
186 280 239 216 22 118 165 136 94 81 178 258
280 83 146 282 78 81 172 206 57 74 238
150 214 171 80 152 34 165 126 121 56 179
214 112 30 60 126 156 241 86 133 244 169
3 15 227 194 148 105 253 207 76 45 67 16
15 254 100 148 169 161 32 231 89 98 111
102 137 215 28 262 112 88 232 222 49 86 100
137 252 173 32 10 148 162 250 207
43 87 152 267 168 246 259 115 236 92 1 272
87 264 243 199 211 193 47 192 32 116 161
115 192 240 138 65 155 122 210 57 234 52
192 30 12 237 259 226 4 225 209
254 124 171 119 2 232 213 36 249 233 34
274 88 140 222 4 55 229 42 127 263 9
39 238 126 108 163 176 185 77 253 28 211 279
238 72 67 103 114 144 11 193 155 52
23 230 10 264 104 257 194 259 14 42 153
230 220 119 248 138 85 160 83 175 266 96
252 110 270 103 163 202 108 177 264 31 226
189 262 144 162 176 77 121 34 179 182 9
262 105 157 49 155 72 44 219 158 134
36 169 149 73 161 195 44 176 145 203
169 181 34 113 164 96 228 126 178
7 142 2 231 47 281 235 91 202 72 120 175
142 222 211 5 141 116 250 30 98 243
53 258 206 2 140 52 175 76 212 191 135
258 119 122 128 256 261 171 275 49 246
253 283 71 190 174 0 22 235 183 224
283 204 55 246 48 78 46 26 269
91 141 98 219 251 25 74 205 182 126 20
141 121 8 69 119 155 232 29 271 71
177 180 225 58 216 0 185 260 34 78 210
180 14 194 157 129 219 57 74 101 222 244
204 199 52 82 285 11 117 224 10 149 215
196 279 35 225 174 86 182 127 233 200 129 21
279 282 275 205 148 54 271 5 101 17
199 4 89 70 217 82 197 14 148
85 182 126 118 229 20 198 25 124 27 104
182 99 133 166 187 60 107 18
65 124 235 71 237 1 74 11 266 164
124 164 75 32 144 40 259 129 207
138 194 285 69 96 222 146 178 271 104
194 19 255 237 130 190 74 58
181 114 125 191 29 58 218 263 171 275
129 145 200 148 269 147 56 106 185
145 64 95 79 171 57 120 58 237 82
121 261 165 41 222 224 260 59 81
44 266 268 273 131 98 32 166 156 123
266 212 157 10 135 275 249 83
56 240 220 111 209 123 170 205 60 174
240 193 130 232 50 197 211 61 45 77
96 233 167 111 267 269 235 271 60
233 92 93 110 217 99 72 265 5
264 71 8 69 179 20 241 265 225
120 261 198 82 50 236 193 42 45 25
261 71 119 149 122 215 42 153 265
152 213 57 41 136 242 66 143 269
213 12 8 104 105 202 49 22 232 69
51 81 103 201 269 49 128 95 52 208 188 190
81 103 93 223 270 60 185 210
132 271 270 90 93 174 143 263 116 100 178 158
271 179 98 191 208 106 107
98 278 216 114 104 79 188
278 197 60 70 27 235 63 249 50 160
71 167 265 191 147 237 183
164 223 246 236 0 116 11 76 125
223 14 244 170 203 21 255 259 284 67
110 165 178 67 113 35 80 92 149 184
100 127 250 161 72 19 154 234 135
26 109 131 78 281 24 151 128 206 231 162
109 168 135 125 193 147 49 207 184 143 276
143 285 13 200 99 171 30 11
285 173 41 66 131 112 175 227 90
149 216 146 9 153 167 57 158
216 136 160 197 275 79 37 90
212 277 131 197 178 42 77 156 118 251
277 29 13 158 239 8 257 18 157 63 113
173 77 5 231 198 118 20 200 61 191
66 159 195 162 35 61 125 79 13 170
159 116 11 257 31 97 183 260 24 153 219
166 246 249 37 70 155 134 0 117 94
246 247 183 226 208 55 119
83 248 22 162 116 9 32 242 135
248 103 215 147 224 73 76 2 187
29 270 28 9 95 183 13 219
72 206 31 123 103 37 183
24 198 54 88 267 136 270 105 229 107
198 27 60 218 272 188 276 46
11 79 184 251 21 154
79 80 127 41 108 251 22
2 259 140 9 130 64 165 146
259 136 218 123 154 54
77 221 190 105 31 75 184
136 17 236 111 34 188 8
146 160 237 37 40 284 273 42
160 46 228 40 197 211 265 151
247 1 244 225 42 94 154 220 118 41 179
54 86 88 101 35 17 147 93 95
35 63 40 97 242 37 256 200
63 93 19 151 97 197 78 234 147
108 133 18 158 135 203 208 276
133 40 57 208 185 5 200 256
193 130 209 32 234 40 42
82 260 243 154 224 170
260 20 151 268 9 239 140 206
157 174 255 73 27 18 17 227
174 113 122 163 220 31 222
21 250 123 122 203 272 226 117 241
250 8 50 92 57 93 153 187
201 217 200 59 231 4 276 104 69
217 75 200 78 175 211 281
60 241 263 112 195
241 256 234 116 179 228 273 210
220 265 118 25 282 9 12 48
130 123 161 151 50 34 59 114
17 41 88 90 211 191 202
171 32 46 282 41 122
236 229 45 92 256 227 41 221
55 162 187 134 0 47 31 48
162 200 80 76 176 221
40 179 234 239 251
126 12 235 75 202 59
215 226 168 284 242 112 10 224
48 244 269 106 272 99 210 101
244 59 156 18 183 167 163
28 37 46 14 183 187 131 219 101
37 231 112 27 272 42
94 211 47 227 184 107 97 188 232
211 203 58 67
13 92 16 106 50 118 74 86
18 140 1 178 190 281 27
99 74 86 154 61 103
105 208 144 25 257 125 88
16 184 281 284 97 64 187 144 0 202
184 20 202 131 93 88
123 95 255 20 30 282
14 170 225 205 89 221
97 257 175 210 4 111
257 125 205 265 222 190
144 156 228 19 227 119 167
22 4 5 232 45 67 70
27 57 219
19 163 273 243 188 47 112 46
219 231 267 221 235
249 191 175 263 158 203 165
218 239 251 86 242 119 267 1 46
93 231 31 75 90
263 267 185 101 20 161 255
267 243 134 67 202 80
227 188 125 128 154 5
226 49 255 268 197 176 265
59 25 1 147 95 206 183
119 200 1 107
9 243 134 1
243 74 190 67 167 45
52 161 272 276 188 69 104
167 153 156 276 187 232
256 61 228 127 203
200 229
270 195 42 111 92 112 187
8 31 89 242 148
31 205 206 25
188 153 229
34 195 275 113 276
107 153 134 47 172 118
153 127 89 242
170 209 111 210 131 88 140
209 203 165 5 116 30 239 176
57 58 147
113 92 128 155 191 158 269
46 179 156 70 117
179 228 61
156 231 191 151 67
67 134 222
229 20 47 32 147 70
202 282 131 86
282 268 206 76 273 135
155 207 104 103 117 195
207 101 69 221 0 114
225 210 158 269 185 49
122 151 4 131 163
1 148 95
148 111 135
231 272 80
127 178 117 74 58 118
111 234 58 195
101 161 197 75 228
183 276 41
88 4 176 269
0 161 10 134 268
161 135 165
255 73 118 275 64 45
64 92 237 239 75 284 221 273
61 190 73 151 284 175
239 114 125 205 221
20 86 103
222 176
103 114 154
114 131 90 163
165 205 131
205 128 134 203
12 112 281 116 106 50 163 242
112 45 172
234 95 76 41 25
131
104 195 208
195 47 275 187
178 73 106 41
168 172 187 284 90 208 154 268 69
92 281 265
197 151 135
203 128 176
86 269
25 106 4 185
95 75 175 70
41
140 251 208 187 10 272
208 235 10
175 268 5
268 89 70 269
73 78 90 70 163
210 106 228 128
251 50 47
151 42 224
116 273 154
50 75 47 69
228 191 75 78
158 224 281 30
49 206 163
45 190 284 275
125 78 190 4
265 172 80
272 281 106 172
4 237
221 70 80
90 154 275 117
10 69 128 117
5 284 224
190 78
117 176 224
191
284 276 76
172 30 128 89 134
206
281 76 242
69 135
135
269
106 89 273
134 78
89 237 185
30 237 80
235 76 242
78
273 58 163 80
237 58
70
58 276
275 232
118 176
224
80
74 232 128
163
276
47 75
176
154
242 232
75
42
128
147 32
32 76
76
185
187
232
