#.\count_paths.py
# GMT Sat May  7 01:43:20 2022
# 
22 188 54 93
188 32 146
67 123 70 183
123 99 137
132 158 38 143
158 148 108
106 194 68 147
194 130 80
42 48 81 17
48 97 183
1 159 44 0
159 199 51
116 180 112 92
180 142 81
15 103 169 13
103 2 139
2 25 88
45 138 54 172
138 199 171
30 64 114 163
64 173 20
62 99 74 85
99 139
181 190 20 163
190 131 129
56 147 128 32
147 187
55 148 104 113
148 7
105 189 59 151
189 146 43
46 176 114 9
176 109 23
164 192 40 39
192 36 0
39 115 35
115 137 125
40 114 37
114
71 184 101 89
184 5 122
82 193 142 29
193 75 44
89 107 41
107 167 160
61 91 47 96
91 8 90
12 171 94 160
171 29
169 191 31
191 161 183
122 140 66
140 111 79
3 18 129 73
18 130 198
59 167 133
167 19
13 72 126
72 93 172
6 185 143 4
185 32 10
95 196 175 128
196 60 175
199 19
84 141 0 174
141 35 44
70 100 129
74 65 179
113 156 186
156 150 49
19 94
93 135
36 85 124
111 76 170
79 117 100
117 26 28
8 11 143
11 175 26
119 162 97 152
162 136 83
75 21 134
57 68 53 28
68 25
29 126
32
26 127
102 155 198 170
155 154 27
76 145 54
145 98 139
131 136 172
136 21
146 126
10 20 4
20
120 179 142 151
179 100
152 177 34
177 85 104
168 173 165 151
173 198
137 144
96 154 33
154 43
24 83 135 31
83 47
25 49
78 109 88 149
109 14
121 144 98 118
144 186
17 108 174
108 161
21 33
85
44
28 104
165 195 58
101 174 27
174
58 81 118
81
112 127 50
63 166 163 38
166 34 130
0
14 90 4
90 197
195 37 77
7 51 182
51 16
86 170 87 69
170
38 66
66 41
53 127 33
27 157
157 134 124
161 50
35 149
149 65
97 73
129
37 153
127
175
100
197 92 87
50 60
142
186 49
47 5
54
125 182 80
182 5
128 110
198
92 43
88 160
98 134
41 133
133 52
52 87 150
31 110
110 153
80 94
94
126
104
87
135 65
187 77 69
160
9 34 77
118 178
178 23 16
172
151
163
16 69
143
69
65
130
4
60 124
43
134
77
73 150
33
49
150
23 153
34
5
124
183
153
139
