#.\count_paths.py
# GMT Sat May  7 02:32:33 2022
# 
55 66 164 140 83 151 95 108
66 98 7 115 147 128 41
26 39 51 145 167 111 4 156
39 71 10 126 116 40 19
96 113 37 152 45 146 123 70
113 142 97 172 49 6 143
45 129 140 20 4 73 82
129 46 126 72 67 78 108
88 109 52 63 158 47 111 120
109 150 163 149 34 86 92
35 115 46 64 73 133 112 139
115 168 52 107 161 10
150 127 161 156 13 16 87
68 112 13 87 22 147 36 64
112 102 58 119 99 106
36 89 169 70 147 174 20
89 47 15 163 131 102 111
47 33 57 168 153 50
99 136 135 125 73 27 128
136 170 27 54 6 19 77
3 159 18 32 16 90 174 178
159 140 173 172 32 19 166
22 172 28 167 143 92 59
172 12 25 43 21
86 175 179 37 178 177 9
175 76 57 38 155 56 162
120 177 27 140 179 23 178
177 74 17 160 73 76
121 151 19 98 44 25 72 91
151 73 144 133 117 156
33 122 12 82 176 100 118
0 108 9 103 75 160 6 131
108 157 15 118 12
19 17 1 122
28 71 25 158 101 152 137
54 97 137 131 144 15 125
97 142 164 93 50 29
20 95 67 134 41 118
95 51 156 168 126 135
91 146 56 21 176 77 171
146 179 155 2 44 50
11 135 56 65 166 152 124 178
135 60 160 169 9
63 173 30 119 123 100 17
173 170 18 67 65 155
122 133 34 93 171 157
133 7 138 23 153
24 74 83 156 58 52 164 38
74 79 139 25 100 80
23 118 53 155 10 60
118 72 111 9
83 105 49 178 78 59
57 171 152 117 62 80
107 117 46 8 138 94 93
117 80 14 84 79
46 59 164 51 2
71 131 98 48 171 157
9 132 6 171
163 50 170 102 124 100
15 119 84 101 147
119 37 48 65 58
167 1 69 61 37 144
164 75 43 82
179 48 155 90 161
140 42 130 8
142 141 27 152 137 72
80 31 56 49 155
169 61 152 106 147 41
59 171 110 8 104
171 85
7 77 178 10 14 134
8 92 41 16 43
27 69 29 153
62 87 4 114 2 81 102
87 98 116 137 158
103 174 75 76 168 116 125
138 25 104 176 69 64
125 143 18 37 16
143 90 134 77 72
60 153 130 116 101 40
52 131 149 124 105
131 64 165
98 101 73 32
48 174 105 141 38
79 111 152 65 21 32
153 139 154 53
72 4 17
149 145 31 40 168 141
53 114 5 111 14 44
114 56 32 174 16 90
116 127 4 56
157 128 154 127 42
70 148 170 110 81 65
139 42 174 105 67
40 58 141 14 92
58 50 130 137
148 145 162 166 110 130 18
101 126 49 69
126 130 67 13
67 81 14
105 37 21 154
130 31 78
12 90 84 6 110
90 104 85
174 61
64 85 50 147
73 160
160 78 170 14
56 51
14 1
49 84 44 76
84 61 155 2
37 34
34 132 100 106 41
132 145 43 93 104 61
50 1
128 78 65 44 168
61 85 93
85 16 76 25
75 123 134 106 82
18 123 154 162
123 162 13 76
145 166 2 65
170 81 106
168 158
25 124
10 42 2 134
92 176 82 94
176 102 104 124
31 154 82 161 165
4 29 134
165 178 38 93 161 1
178
13 110 81 76
100 166 2
69 17 1 21
154 127 5
78 44 29
166 77 94
17 5 162
44 42
81 127 41
77 30 29
42 106 51
6 32 161
32 94
21 30 144
30 110 141 104 158
111 5
161 162
162 82
65
102 106 94
141 156 144
155
5 16 158 144
127 134 104
2
110 124
158 29
41 38
156 38
76
1 137
38 29
16
29
82
93 137
43 94 51 144
106
104
152
134
51 124
137
147 94
144
124
94
